Q format: Q4.12
Dimensions: A=16x16, B=16x1, C=16x1

Matrix A (float):
  -0.925293 -1.495361  0.040527 -1.056885  1.963379  1.595703  1.777832  1.036865 -0.320557 -1.249268  1.902832 -1.773438  1.118408  1.461914 -1.983154  1.562988
   0.130615 -0.169922 -1.182373  0.539307 -1.755371 -1.821533 -1.796631 -1.926514  1.049561 -0.267334  1.376709 -1.767822 -0.226562  1.502930  1.966309 -0.135498
   0.765381 -0.153076 -0.249756  1.676758  0.318115 -1.828125  1.329346 -1.200195 -0.512939  0.371094 -1.032959  0.661377  1.376709 -0.481445  0.426758  0.273193
   1.994873  1.146729 -1.723877  1.841797 -0.058105  1.234131  1.314453 -0.615967  0.936768  0.997559 -1.308350  1.511475 -1.136719 -0.690430  1.145996  0.964111
   1.917480 -1.763428  1.754395 -1.652344  0.468018  1.148682 -0.637207 -0.651367 -0.184570 -1.901611 -0.404053 -0.142822  1.235596  0.750488  0.826172  1.672852
   0.154053 -1.954346  1.069336 -0.966064 -0.356201  1.408691 -1.551025  1.848633  0.917725 -0.401367  1.307129  1.879395  0.854248  1.315186  0.768555 -1.987549
   0.648926  1.665039 -1.776367 -0.163330 -0.582520 -0.553955 -1.267334  0.042236 -1.740479 -1.436523 -1.334229 -1.866699  1.623779 -1.883545  0.249512 -0.003662
   0.148926 -1.124268 -0.523193  0.755371  0.322266 -1.444092 -0.660400 -0.723145  0.041504 -0.655029  0.183105  0.355713  1.637451  0.575928  1.971924  1.790039
  -1.086670 -1.811035  0.495850  1.092285  0.746582  1.367188 -0.495850  0.067139 -1.130127  0.027588 -0.327393  1.453125 -1.833496 -0.197021 -1.857178  1.178467
  -0.828369 -1.717529 -0.718262  1.565186  1.413086 -0.235352  1.606689 -0.214600 -1.754639  1.159180  0.569824  1.410156 -1.529785  0.388672 -0.994629 -0.302979
  -1.620605  0.450928 -1.434326 -1.388672  0.482666  0.382812 -0.734375  1.329346  0.018799 -0.957031 -1.932373 -1.696777 -0.259277  1.686768 -0.627930 -1.700684
   1.023682 -0.396973  0.775391 -1.208008 -0.354004  1.463379 -0.447266  1.938721 -1.164795  1.120361  0.368408  1.998291 -1.862549  0.602539  1.218506  0.250732
  -1.855469 -0.744385 -0.393311  0.621826 -0.918945  0.712646  1.433838 -0.295898  0.132080 -1.228760  1.033691  0.750732  1.875977 -0.123047 -1.477539 -1.677002
  -1.322754 -0.936035 -0.642578 -0.667725 -0.296387  0.144043  0.657715  0.042236  0.944824  0.710693  0.722168 -1.088867  0.329590 -0.118652  1.910156 -0.917236
  -1.166016  0.565674 -1.687012  1.252686 -1.414551  1.041748 -0.821533 -1.000000  0.727051 -1.082520  1.024170 -1.386963 -0.210449 -1.346191  0.133789  0.918945
   0.364258 -1.085693  1.662109  0.217285 -1.138184 -1.634033  0.365723 -1.901123 -1.883789 -1.266602  1.308105 -1.079346 -1.679932 -0.496826 -0.083008  1.367920

Matrix B (float):
  -0.703857
  -1.075684
   1.607178
  -0.661133
  -0.068848
  -0.728516
  -1.177490
   1.480713
   1.026123
   0.352051
   0.027100
   1.815918
   0.515625
  -1.198975
  -0.339111
   0.539307

Expected Matrix C (float, fixed-point quantized):
  -2.430420
  -6.303955
  -1.849609
  -5.586182
   2.606201
   7.999756
  -5.705078
   1.414307
   4.459473
  -1.791260
  -4.522217
   4.983887
   0.286621
  -1.018066
  -4.672363
  -2.345947
